(2,2)
8.944724	7.035176
5.728643	9.949749
7.035176	9.949749
6.331658	10.050251
5.728643	9.949749
8.944724	12.763819
(2,18)
9.045226	13.266332
11.155779	14.271357
9.849246	14.271357
15.979899	12.663317
7.638191	10.753769
10.552764	14.271357
15.276382	8.643216
(18,18)
13.668342	12.763819
13.065327	10.653266
12.361809	12.060302
12.562814	13.668342
16.080402	9.949749
8.643216	13.969849
(18,2)
12.964824	8.241206
14.070352	8.743719
15.778894	8.844221
14.874372	8.442211
15.376884	8.844221
14.572864	8.341709
9.849246	7.638191
(10,10)
14.271357	12.964824
14.472362	11.457286
14.673367	8.442211
7.035176	13.668342
14.874372	8.542714
14.874372	8.844221
6.532663	13.768844
