(2,2) wo node 8,7,6,5,4,2
0.603015	1.306533
0.603015	0.703518
0.603015	1.306533
0.603015	2.512563
1.507538	3.718593
6.633166	15.979899
(2,18) wo node 8,7,6,5,4,2
9.949749	11.155779
1.909548	9.447236
20.000000	20.000000
6.633166	15.979899
5.527638	6.231156
20.000000	20.000000
4.623116	12.060302
(18,18) wo node 8,7,6,5,4,2
4.623116	12.060302
1.005025	20.000000
1.005025	20.000000
1.005025	20.000000
6.633166	15.979899
20.000000	20.000000
(18,2) wo node 8,7,6,5,4,2
7.738693	8.040201
15.879397	16.884422
20.000000	20.000000
1.005025	20.000000
4.623116	12.060302
1.909548	9.447236
5.527638	6.231156
(10,10) wo node 8,7,6,5,4,2
0.402010	4.623116
4.221106	5.829146
9.949749	11.155779
1.909548	9.447236
1.005025	20.000000
9.949749	11.155779
0.703518	2.914573
